Tokens sorted by importance scores (descending):
and: 1.0
men: 0.6754186714914087
children: 0.5443324156718463
perpetrators: 0.5317626490142912
because: 0.5123398447871027
<: 0.5060701058174567
be: 0.42975071382365865
>: 0.4258521346849388
not: 0.41255040488143296
that: 0.41107891758021226
not: 0.39071686289589186
be: 0.3825758923900355
women: 0.3618219675257026
it: 0.33572478097057257
always: 0.31788043764295065
can: 0.3161199842344658
women: 0.31519727595326874
are: 0.30879000615460145
they: 0.2901471671242506
come: 0.28634941639516603
call: 0.25925634790878493
the: 0.2553593063504455
abused: 0.23338681827276794
why: 0.2110420892574356
men: 0.20998146136959184
raped: 0.20495190361356388
even: 0.20132895642443974
against: 0.1832529911972101
first: 0.16328324488429713
can: 0.12474512696812277
before: 0.1189819471957288
children: 0.08812622130971952
user: 0.019583470304299126
violence: 0.0